            100             0.0000090599             0.0000120000             0.0000000000           132.4517052632
           1000             0.0006611347             0.0006630000             0.0000000000           100.2821331410
           5000             0.0174078941             0.0174080000             0.0000000000           100.0006081464
          10000             0.0668349266             0.0668420000             0.0000000000           100.0105833808
          50000             1.5611939430             1.5609650000             0.0000000000            99.9853353887
         100000             6.1770319939             6.1760700000             0.0000000000            99.9844262768
         200000            27.5274341106            27.5239310000             0.0000000000            99.9872741112
         400000            97.4829540253            97.4644140000             0.0040010000            99.9850855717
         600000           225.2116699219           225.1990020000             0.0000000000            99.9943751042
         800000           393.6363070011           393.6291980000             0.0001270000            99.9982262812
