            100             0.0000119209             0.0000150000             0.0000000000           125.8291200000
           1000             0.0002150536             0.0002180000             0.0000000000           101.3700966741
           5000             0.0019400120             0.0019410000             0.0000000000           100.0509286469
          10000             0.0061149597             0.0061150000             0.0000000000           100.0006587648
          50000             0.0358140469             0.0358370000             0.0000000000           100.0640897700
         100000             0.0881528854             0.0881610000             0.0000000000           100.0092051020
         200000             0.2008829117             0.2008900000             0.0000000000           100.0035285818
         400000             0.4608440399             0.4608590000             0.0000040000           100.0041142081
         600000             0.6777179241             0.6777460000             0.0000000000           100.0041427091
         800000             1.1191320419             1.1191520000             0.0000000000           100.0017833525
        1000000             1.2754361629             1.2753900000             0.0000840000           100.0029665970
        2000000             3.2487299442             3.2488300000             0.0000000000           100.0030798427
        3000000             5.5616889000             5.5610390000             0.0000030000            99.9883686412
        4000000             8.5329520702             8.5323550000             0.0000000000            99.9930027705
        5000000            11.4754559994            11.4705470000             0.0040580000            99.9925841781
        6000000            13.3105909824            13.3095520000             0.0000000000            99.9921943178
        7000000            15.8456721306            15.8405940000             0.0040230000            99.9933412065
        8000000            19.6861197948            19.6821510000             0.0040610000           100.0004683765
        9000000            19.8249571323            19.8255150000             0.0000000000           100.0028139665
       10000000            24.8975100517            24.8981950000             0.0000000000           100.0027510714
