            100             0.0000190735             0.0000220000             0.0000000000           115.3433600000
           1000             0.0001928806             0.0001960000             0.0000000000           101.6172538937
           5000             0.0009369850             0.0009390000             0.0000000000           100.2150497710
          10000             0.0025467873             0.0025490000             0.0000000000           100.0868835050
          50000             0.0223939419             0.0185350000             0.0038690000           100.0449144719
         100000             0.0357849598             0.0357890000             0.0000000000           100.0112902374
         200000             0.1069190502             0.1069260000             0.0000000000           100.0065000421
         400000             0.1890909672             0.1852390000             0.0038550000           100.0016038956
         600000             0.3318290710             0.3318420000             0.0000000000           100.0038962696
         800000             0.5378351212             0.5218090000             0.0160330000           100.0012789877
        1000000             0.6640448570             0.6640530000             0.0000000000           100.0012262688
        2000000             1.6037580967             1.5918280000             0.0119570000           100.0016775164
        3000000             2.6799509525             2.6519930000             0.0280000000           100.0015689642
        4000000             4.2380750179             4.2061940000             0.0319740000           100.0021939694
        5000000             4.9720489979             4.9321180000             0.0400390000           100.0021721854
        6000000             7.4325480461             7.3594330000             0.0720520000            99.9856974202
        7000000             8.9327981472             8.8500990000             0.0721470000            99.8818718723
        8000000            10.0606670380             9.9863530000             0.0679920000            99.9371608469
        9000000            11.5488450527            11.4163150000             0.1318830000            99.9943972517
       10000000            11.5536689758            11.5055490000             0.0480340000            99.9992558569
